#|num|weight|mean|covariance matrix|
|0|350.71067576028975|320.2305754973575 281.14307901136357 318.79100791041355|0.9048258833993618 -2.775681260079799 1.685633633993518 -2.7756812600797987 15.068198753938514 -4.635348040544989 1.685633633993518 -4.635348040544992 13.733765249106169|
|1|948.6581275518648|337.0402093018229 247.02726400270083 323.02177762822043|9.290656346193229 -3.3284848216410667 -4.947613642090434 -3.3284848216410667 10.886699814960124 8.88694300579404 -4.947613642090432 8.886943005794038 18.582520327382767|
|2|829.5388288036537|318.1297445567019 259.43131882018224 337.44060626716504|18.61516410273246 1.895223062064705 -3.045741980044011 1.895223062064705 7.50725936196864 6.221464790253986 -3.045741980044011 6.221464790253987 12.627222423573398|
|3|1895.2523176269258|343.2309145697034 260.324957439587 331.61867250741244|13.611572090368877 -11.663528362136562 6.632207038528271 -11.66352836213656 54.1864620936893 14.171355730418117 6.63220703852827 14.17135573041812 25.009402893395045|
|4|770.6430553448009|334.4388820171669 283.45117031466566 327.6591193534331|5.998291020608442 0.4510942346035409 12.827544272088376 0.4510942346035409 9.14260823078307 8.252435009911759 12.827544272088378 8.252435009911759 45.58548757048993|
|5|996.2302600147978|337.28286641629757 267.7035280119656 308.1292750293315|11.579668133076554 -10.23324559441933 -3.4158638349441426 -10.233245594419326 26.7808897400469 -0.25064564478848483 -3.415863834944142 -0.25064564478848483 9.565717883258468|
|6|1685.3566755912725|332.8733966603331 270.48016902342584 330.79764143252794|8.748097198556147 3.495853495167016 0.33041127172082696 3.4958534951670157 32.91495820236503 -2.2216467311463273 0.3304112717208272 -2.2216467311463273 27.103550872652583|
|7|1230.446894491301|315.92661107737223 261.0696090899215 320.9283242227984|9.501853038151037 0.5284046752264464 -5.865721619976306 0.5284046752264462 17.419876569870063 0.7393462356230712 -5.865721619976304 0.7393462356230711 23.27151322123971|
|8|1189.1045235922688|350.8409238710503 265.2335258424145 326.29342975090054|14.335469040581586 -15.085607086467855 -2.123744862008931 -15.085607086467855 37.184286922289665 6.525224059898598 -2.1237448620089316 6.525224059898598 5.652267893127328|
|9|639.5215990981956|319.9423130087501 247.10414302587387 324.395246626608|12.214776059171877 -13.48457742962055 -1.9845542101281985 -13.48457742962055 23.087714454533057 -0.22930373508125879 -1.9845542101281985 -0.2293037350812589 7.079268498395438|
|10|682.8330245726062|340.96224139358253 262.02151804458674 339.4338297155582|30.176361122835964 4.123618708402139 23.480517213601484 4.123618708402139 7.3159408982643095 4.249862404148609 23.480517213601487 4.24986240414861 20.452390928926036|
|11|347.9095117052965|345.92247605418964 259.64113419596407 314.73595698673927|4.1588445169909765 4.163686902550149 -1.2409844504068999 4.163686902550149 11.870524965197573 -1.3560110729497041 -1.2409844504068999 -1.3560110729497041 3.9062735653018965|
|12|2188.283555540083|333.02589067038156 260.6045155910166 320.5035284968338|43.77347999971324 -13.526105107197383 3.786151824248635 -13.52610510719738 16.622368701064143 8.655168760211529 3.786151824248635 8.65516876021153 30.47421116974746|
|13|827.3851397964812|307.79339158156665 251.16794126839676 338.68591220756684|6.189501704944771 -1.7050733810811205 0.48577434710135403 -1.7050733810811205 7.875784029915376 -3.7663153527262345 0.48577434710135403 -3.7663153527262345 15.28581916131012|
|14|527.6678184455543|337.6677380762512 270.32874703741425 339.67920197983136|18.7879878862548 -6.382610580436288 -18.40431133707368 -6.382610580436288 3.626705356092006 9.187849923392188 -18.40431133707368 9.187849923392188 30.625025175744135|
|15|607.9948769208231|346.22667285676704 252.53512929274436 339.4885266896204|8.012690450960466 -0.8909702614496839 -1.7052343213049532 -0.8909702614496839 12.720441369449505 1.8680834602870606 -1.7052343213049532 1.8680834602870608 3.7453459380731697|
|16|963.9871780003475|343.0797915870345 278.53061938227955 338.1432212260452|28.298531987922335 3.38451813653953 0.6568695136821736 3.38451813653953 9.356125545213757 -2.303095174694853 0.6568695136821736 -2.303095174694853 5.367166108668502|
|17|1414.6927287941621|328.2997788517416 253.6154530931822 330.3379324631806|12.95322125338403 -4.660020160949853 -3.8738510005760296 -4.660020160949853 19.349250035298812 -9.353939012910645 -3.8738510005760296 -9.353939012910647 28.12556495287095|
|18|1987.5067284367997|325.729985851629 271.05862482137303 318.618563709419|25.91943213933659 6.350646452014793 -3.14167606165607 6.350646452014793 22.33426860311312 9.793668168137714 -3.141676061656071 9.793668168137714 22.674240930491926|
|19|1793.8004119404052|340.7391494719354 270.62444291469535 318.853348960491|27.563258150127837 -16.89744417488399 3.438066939414354 -16.897444174883987 29.381478506485426 3.111065506836356 3.438066939414353 3.111065506836356 13.879068165044217|
|20|744.4646572895601|336.2868856349262 253.1188884022716 309.55079744532526|7.000817082863644 5.331531886406166 -0.9564659912344758 5.331531886406166 29.740142904347476 -4.203198146008871 -0.9564659912344758 -4.203198146008871 5.772166526503174|
|21|1613.0689969633293|324.0023808976814 269.68548160232456 307.3804732768182|19.472814774695106 -14.893623062833221 -8.063239883286057 -14.89362306283322 32.669852793542034 8.807319262554378 -8.063239883286057 8.807319262554378 11.875206704651603|
|22|1108.837255895096|319.55772582707823 252.39128498852455 342.777909487535|22.808267996541446 2.0613618068171893 -8.50198981772007 2.0613618068171893 8.90891811893232 -2.095628895919999 -8.50198981772007 -2.095628895919999 11.712878650280647|
|23|904.4920972984589|326.3662215159118 281.547632643759 312.44279730030917|11.823393513497862 -7.693834767016724 -7.928431637762282 -7.693834767016723 12.399195998665146 5.8432339465275005 -7.928431637762283 5.843233946527501 13.256487445025584|
|24|2000.1949573527686|321.2687437909059 245.4093038079807 333.7572284317533|34.28354907888324 -6.718518698459226 -11.476700106397637 -6.718518698459226 9.922464820229926 5.35054723401306 -11.476700106397637 5.35054723401306 24.80847397721631|
|25|423.03277729547676|312.6886998052953 265.5161656028333 333.06398535524613|12.011935789664964 -3.2000552821310735 -1.2500542247749025 -3.2000552821310735 25.22709061737169 10.667372781610101 -1.2500542247749022 10.6673727816101 4.936043958782476|
|26|1099.6498589848798|324.4896852740121 254.3904879656002 312.1176841452766|22.15304019775929 11.608536890148342 -11.981891890831784 11.60853689014834 15.977954565117928 -7.227308313014536 -11.981891890831783 -7.227308313014536 14.813557937259205|
|27|951.6126424291208|338.4157053882043 252.14336256261763 335.2338730947377|38.54017951357238 -23.416214867158253 -6.366698955730143 -23.416214867158253 17.523359221085585 2.412342139939729 -6.366698955730143 2.412342139939729 8.725385870997666|
|28|661.685352738303|343.1174725727651 278.14180027631016 327.9947155922861|7.048262447225172 -3.5160480669130014 -5.971860986085961 -3.5160480669130023 10.40742693595523 2.79298685380152 -5.971860986085961 2.7929868538015206 12.28452913741755|
|29|1546.4066842913044|321.6187045957057 269.77376084804484 331.29618063356355|37.24382704349938 27.268128803457916 2.4333582358598758 27.268128803457916 38.65698202165898 -1.2550422076711225 2.4333582358598758 -1.2550422076711225 7.990347745708196|
|30|708.6770185448236|333.9918343643095 263.48140846228677 340.72841928674245|25.84556672900087 2.9407889098160456 9.64345375516305 2.940788909816045 8.679967266043196 5.050026900997541 9.64345375516305 5.0500269009975405 8.766566329010796|
|31|667.4486759632289|355.39671218086164 259.36258431689174 335.83885445780953|7.078458080479201 3.2419046645309315 -5.022540058782035 3.241904664530932 13.269904714877871 -7.732723056463916 -5.022540058782034 -7.732723056463918 11.85652865982219|
|32|400.945166616825|358.72334652828584 253.59530652924087 329.67823446977735|14.713640849290083 2.1236334547855695 -8.828288136611603 2.123633454785569 3.0018602822051363 -0.26705130690114953 -8.828288136611603 -0.26705130690114953 7.053132846253403|
|33|1276.532019028586|327.59706426426465 251.56595738627166 319.931276619197|65.52934822291574 -19.306575684843793 -43.63195820510278 -19.306575684843796 9.236153506292311 13.165107340444735 -43.63195820510278 13.165107340444733 32.94249051114443|
|34|1352.1905882962878|352.20490642073935 270.37899793184147 336.9192357119819|10.203142103654134 -6.2336293867495645 -0.31289441104855875 -6.233629386749563 24.464608682633187 1.2075370966589323 -0.31289441104855886 1.2075370966589323 11.921009019033722|
|35|1094.3850059470328|347.13233678837975 251.02286412023957 323.3869404079518|16.19779964770576 10.825896420789595 8.239168957831186 10.825896420789595 21.002319916347908 3.5345739148390205 8.239168957831186 3.5345739148390205 14.536923854050595|
|36|799.5540130364108|315.37360324638775 276.3412503916574 314.5758899519376|3.1316825047709487 3.857046933004331 1.2043030229476872 3.8570469330043307 18.131565015328874 -1.6198675321433464 1.2043030229476872 -1.6198675321433469 12.758111799900185|
