#|num|weight|mean|covariance matrix|
|0|555.9615917357854|389.75018152236527 211.61983740815234 148.60034468496386|5.213715326717563 -7.90517863017233 -4.088355889037785 -7.90517863017233 36.33740757807526 5.179206759865027 -4.088355889037786 5.179206759865026 9.749111812835896|
|1|1096.7981225406627|410.77305042431556 227.5929101239065 152.52929456670958|14.860948871540383 0.8129587925594524 5.406978200978567 0.8129587925594524 12.290817152023351 8.284386766905461 5.406978200978567 8.284386766905461 16.15633152493937|
|2|1918.2882408530152|383.6027682884742 226.165250919546 160.5157606034347|29.39141496622863 -7.8119292204063795 -8.786572755636445 -7.8119292204063795 19.341752128757836 4.435629548402845 -8.786572755636447 4.435629548402845 14.977639958581186|
|3|1387.5695674304866|391.8665269665991 208.44813380248212 166.13532442704542|7.767537918835649 0.8437535822990323 -0.19734316066663737 0.8437535822990319 7.689947359852758 0.15187994871764401 -0.19734316066663737 0.15187994871764404 32.5610157238008|
|4|747.4559402691885|371.1426900556181 227.46893890689077 157.79231431664175|15.150046068444382 -0.3229929971280068 -4.482571592756046 -0.32299299712800644 4.7819311344444575 2.180582602206197 -4.482571592756047 2.180582602206197 9.380415592575787|
|5|800.5036933945305|398.5077366619157 234.02006751469574 160.99373462144715|7.133691456700161 -0.5034112674447192 -0.03459168482147584 -0.5034112674447192 15.405899816239671 -2.416808627391841 -0.03459168482147579 -2.4168086273918417 5.553853978690543|
|6|1623.3397833197075|396.33400928111905 218.6291057230489 158.35816980185405|14.88780530912494 2.3692489310569704 8.006540402485069 2.3692489310569704 23.1057694884846 -1.796014526459112 8.006540402485069 -1.796014526459112 23.140418048054073|
|7|1383.4798430594728|377.5372900849778 218.362004118872 151.51681526887572|12.323794973534852 10.859601913201217 -3.6843120310615753 10.859601913201217 27.704221079261686 -1.8370404706136765 -3.6843120310615753 -1.837040470613677 10.955869472227839|
|8|1340.068883352418|389.32787998583524 222.76072902483543 146.16226005184964|10.467147285663067 1.5128896710525481 -4.2821006951748934 1.5128896710525477 14.817845432051318 -3.855728197105945 -4.2821006951748934 -3.855728197105946 18.54585588237648|
|9|1210.1085070368981|400.70001392128506 224.27833723759323 151.04136430513736|15.371565007685742 7.682723123139977 7.099098026725486 7.6827231231399775 13.847926039120168 8.469630653187926 7.099098026725486 8.469630653187924 22.84341499334935|
|10|585.302468061612|420.89397276459084 231.66602315978358 155.35552574544806|5.1157098586879295 2.0073333834997644 -0.8589701969298726 2.0073333834997644 11.177919131311741 -0.7065172643456787 -0.8589701969298724 -0.7065172643456789 4.780014204390421|
|11|1190.678545628403|407.7300280303067 219.21860690651715 157.00941871231504|15.61601959904985 2.7989271041223347 -1.0749616020024577 2.7989271041223347 7.2158508563248605 -1.0762320913645502 -1.0749616020024568 -1.0762320913645504 20.605676589510793|
|12|1040.625822937565|406.3271322082323 227.81529759799128 163.05317660277794|14.790274605111914 -0.15952591170349217 -8.504938509244473 -0.15952591170349262 15.33184771061618 -1.7480177148689382 -8.504938509244473 -1.748017714868938 15.963008376104693|
|13|1055.732006536253|375.8737810997544 216.35402025537317 164.62385482127982|11.725387500811001 4.397047245695913 15.713464201313824 4.397047245695912 16.39582911424936 5.94145889467543 15.713464201313824 5.94145889467543 33.95954632322469|
|14|1124.7127964305444|369.0110925227332 226.8870286765265 170.22233096854032|13.844569841825123 -2.532072211439 8.398101349896775 -2.532072211438999 7.066244672281215 0.8448463363254639 8.398101349896773 0.8448463363254637 17.680768313935232|
|15|1073.6692441148525|391.81584999949604 217.34526759596932 167.24000372954993|19.711480395402372 2.309677215071634 8.053521554315486 2.309677215071636 10.356609209399089 4.904572868431619 8.053521554315484 4.904572868431618 17.287528983271535|
|16|639.5378432986909|415.6104758197273 221.30781883567712 167.95796232508835|5.357224428148309 -0.5561407355120075 2.754206791572099 -0.5561407355120074 3.4390479676691976 7.294564537429601 2.754206791572099 7.2945645374296 33.643945370514196|
