#|num|weight|mean|covariance matrix|
|0|1310.354434493233|351.16318662679925 426.3167410535412 525.7834286543093|16.881311961320108 -2.7909765427502253 -4.357244471441664 -2.790976542750225 12.650115723478365 -2.5682096615237047 -4.357244471441665 -2.568209661523704 15.263569431674654|
|1|1290.1666089514656|365.28289306381146 426.0913452153437 554.0327585685968|16.942730040213732 -10.838127249180094 -2.1907526801330075 -10.838127249180094 27.770298393750593 0.8349564584432054 -2.190752680133007 0.8349564584432054 7.460266406707918|
|2|1202.6737655711995|330.0484668984471 406.08923310964434 533.2831801525018|5.807603041920028 0.3144502736563003 1.969334718940482 0.3144502736563002 12.084147535899188 -6.8498839399249 1.9693347189404817 -6.849883939924899 27.09056798445004|
|3|1189.0451711863254|335.7313400816168 421.44558030882473 532.8980316687412|11.526144980121991 -1.8953298504479008 -10.670235101690512 -1.8953298504479008 12.885354343665709 -3.9058167854168184 -10.670235101690512 -3.905816785416817 33.35838672700847|
|4|508.5434796690728|342.30852535864244 441.5015832069785 552.1338666672543|32.274291655514446 -3.7052197251268013 8.651425650217655 -3.705219725126801 5.3043031277692965 1.9370062389281333 8.651425650217659 1.9370062389281333 7.095530438215562|
|5|1068.5253280132008|366.70379508240285 405.59740501632865 538.3224144227887|13.457619745149593 -9.275259153727067 2.88087729543052 -9.275259153727063 14.697577303567813 -2.5795364674068204 2.880877295430519 -2.5795364674068217 13.260558453138012|
|6|1576.0202011048927|344.7264184468891 428.11125870646833 540.4774949271284|8.937447073364462 6.100431969587943 0.1033623907154495 6.100431969587941 34.82368235587772 7.551116607463426 0.10336239071544984 7.551116607463427 23.627540523131636|
|7|1960.4158561529548|354.93304444123095 428.9053003668754 548.3054551914329|30.846650746566027 -6.029599687381975 -8.898992028829506 -6.029599687381975 33.339939547303494 8.047626657546193 -8.898992028829506 8.047626657546193 12.870785977943726|
|8|1025.5398835572128|336.4813963300589 430.66462142631565 532.6790276643299|15.888723769303091 -3.841837431804124 2.596339847193421 -3.841837431804123 14.376889936106267 -3.4589657252225976 2.5963398471934216 -3.458965725222598 10.643836807129784|
|9|1020.5736025862442|360.2839161949488 423.62706267333493 525.3297599863787|4.381568754809891 0.9072067926062877 -2.2668188835922773 0.9072067926062877 7.945548342832513 5.0298856188020995 -2.2668188835922782 5.0298856188020995 55.872348620514|
|10|1245.4141788482918|358.6962026101105 413.5258242612232 525.0437849323998|14.172363505694802 -1.9971140991784861 13.11401164166703 -1.9971140991784861 11.234397607642292 -1.8029842312734403 13.11401164166703 -1.802984231273441 27.679710550157456|
|11|591.3334782032465|336.49683482302345 420.49270666657293 519.1912540717063|16.23847920099104 6.112303023986898 4.729953362631364 6.112303023986897 6.761594134441493 2.7969779869971783 4.729953362631363 2.7969779869971787 7.443313281760668|
|12|1346.1431613290172|368.29040301617124 416.2458896079974 545.269354417188|10.7352802534196 -1.9677909269131528 -5.641955616442383 -1.9677909269131528 15.596637988871086 3.665194779802155 -5.641955616442383 3.665194779802155 21.336595685651506|
|13|1036.149336438033|322.35439670095735 429.96331705141085 531.3955490770624|14.88269310549734 2.2875837169767217 5.27878496340802 2.2875837169767217 12.861034361091916 -1.2397199542213935 5.27878496340802 -1.2397199542213926 6.273420463763262|
|14|924.8147447587211|328.6709281567811 399.5496904803835 546.7845320111261|7.0337611661271975 0.34882115658891033 2.1157931158569143 0.34882115658891055 8.679434505075516 -7.479743458958965 2.1157931158569143 -7.479743458958965 19.99173147999661|
|15|921.9065457177005|369.48957204519417 430.87474929565053 545.1672477803464|33.40463620131857 -19.77541739235245 9.357366781226588 -19.77541739235245 16.734348257283088 -6.559611382485174 9.357366781226592 -6.5596113824851745 8.013781354698507|
|16|998.5320201982984|338.02754537520525 422.0095807916036 546.3653067710579|14.398939698724798 0.4265443443288961 2.6942494732086777 0.4265443443288952 15.880545281469196 7.095866579392928 2.6942494732086777 7.095866579392932 9.894671884290752|
|17|943.3989172031272|350.58019519247887 406.2792841543317 531.9279908825001|17.905179801404046 -14.557338973097233 13.60051876805048 -14.557338973097233 16.882651784952735 -17.437258109956407 13.600518768050481 -17.43725810995641 25.948567172119148|
|18|984.3674384348569|354.32109796611314 434.2271762312946 558.9085684646968|10.56172966832801 -5.455992245531544 1.9061158995066259 -5.455992245531544 13.937134557273456 2.3285529389514212 1.9061158995066267 2.3285529389514217 12.243443604607195|
|19|1013.9464334340225|356.98185693317834 438.36020726441586 542.9133104186352|23.979432662041685 -2.224540659234624 3.307777092570393 -2.224540659234625 13.159481935284619 -1.3174146321350368 3.3077770925703938 -1.3174146321350368 7.812803731351306|
|20|666.3484198201203|359.31641560461276 441.02879244206196 553.931114121234|5.9405483206213985 0.146414962044908 6.822195040893151 0.14641496204490778 4.438436484686121 -3.5873259746546164 6.822195040893152 -3.5873259746546164 26.712439126943284|
|21|823.4990937778662|370.52396666392474 414.6927004411952 532.9027369007091|6.954759078963509 2.0987704809256518 4.617064186070175 2.0987704809256518 30.19929692657419 9.895186197113118 4.617064186070175 9.895186197113118 9.06572554012072|
|22|1009.0340888504855|345.7670978793005 417.4284963561099 526.4642220089771|8.114982725946847 -4.384262610247852 3.7366517535584283 -4.384262610247852 14.782665499833628 -5.66996376797874 3.7366517535584283 -5.6699637679787385 22.086873826436758|
|23|1019.3236051174529|364.97246563006047 426.3268776316799 537.4296219455779|7.441845311772442 -2.4368467528579534 -4.321290362488442 -2.4368467528579516 18.97121408893507 1.8587739727870805 -4.321290362488442 1.8587739727870805 10.455545028047277|
|24|1522.9192218366081|354.1631863525553 417.85413495357386 536.2108184019372|24.6040860710066 -0.08413242293255391 -0.37157602576524384 -0.08413242293255391 16.854861004045496 0.3559125081462824 -0.37157602576524384 0.3559125081462827 18.00421220946173|
|25|1122.7936182795452|355.7107517751373 419.7044826296162 556.7021381518251|15.516961013177717 -4.214721283978483 -1.9649200569741305 -4.214721283978484 14.066754064821442 3.7977332608286005 -1.9649200569741292 3.7977332608286005 8.512891657935251|
|26|1130.9733720560196|346.5433485450295 436.11140577552095 531.3491698585613|9.826999813126253 4.192040208370898 4.666339102023736 4.192040208370898 17.110828484109362 10.70591005445253 4.666339102023735 10.70591005445253 21.10493099685592|
|27|710.68135942553|355.97454534339573 404.68349093655706 541.3795576643154|11.631887207796344 0.1450231859906399 -4.281105443112214 0.1450231859906399 13.452786901294468 -5.919054718344566 -4.281105443112214 -5.919054718344566 6.865584813138642|
|28|1028.1602068116226|340.679417375799 430.2746837472743 554.8003734000001|14.957258983697063 7.677279953459858 3.528221463099882 7.677279953459857 20.92337117556063 2.369438557599758 3.528221463099882 2.369438557599758 6.1184485430212066|
|29|1032.5706533079447|334.7149453775221 412.87448589999224 524.361256258897|11.955460257962468 1.3777553877395796 6.197072387643031 1.3777553877395796 9.247257742618299 -2.774865311570199 6.197072387643031 -2.7748653115702 16.34401772619853|
|30|820.4165001151117|344.87853148971686 443.3892053743704 544.635950516971|10.4742072187207 1.010925149672162 -7.450022288448375 1.0109251496721616 10.791984949993754 2.828947548347727 -7.450022288448375 2.828947548347727 14.069242150135512|
|31|1311.4265764907313|357.0838727558768 413.60509338336124 546.4466553756338|16.49520047142445 -6.670339743190469 -2.581307114572814 -6.670339743190471 19.235039204882764 6.321314433971367 -2.581307114572814 6.3213144339713665 15.825556320745637|
|32|1020.36238415793|342.05145990175555 412.0080827023831 537.1676155629098|24.863757915372 -8.20701325533617 -0.04057927054240085 -8.20701325533617 12.481583519645088 4.09747745608366 -0.04057927054240107 4.097477456083659 9.237155520227164|
|33|445.54296808960316|378.9361071222617 419.85808661001994 547.8493852826892|13.878339223629458 5.658168564050689 -5.372813984195002 5.658168564050689 7.987516075077425 0.1301536325457704 -5.372813984195002 0.13015363254577084 4.5602086973291565|
|34|1140.6465175756632|356.25707116843296 422.49294907421137 513.2328680890544|21.444670152703342 0.10119086263760568 -7.6510772236041555 0.10119086263760613 10.739392835721986 -1.9079971299770442 -7.651077223604157 -1.907997129977045 13.716747887769081|
|35|775.085977245193|347.23198798203725 425.1877962170843 556.4925708899838|7.814212839009175 2.0711926947659256 2.9935829981291464 2.0711926947659265 9.464610674179301 4.252310895249544 2.993582998129147 4.252310895249543 15.06584151260616|
|36|847.5404333432743|337.5217821511864 430.63813511915436 519.61055936365|8.614167338925073 -4.572083784910031 -0.2519755709586067 -4.572083784910033 15.744536884572648 -0.682187027179841 -0.251975570958607 -0.6821870271798409 5.209013234800437|
|37|1394.4981685813475|335.7391086716985 433.1993931091999 543.1149794368106|14.172219637255681 8.003284358308857 7.218067246305236 8.003284358308857 24.252426495608717 4.728129409439013 7.218067246305236 4.728129409439014 13.302707045053722|
|38|678.908049266198|331.85925245913154 438.7806020234648 532.250409708382|37.47011235573057 -6.145680873008802 1.9185288781106347 -6.145680873008801 2.416862133556989 -0.13309063590016595 1.9185288781106349 -0.13309063590016598 4.945758307620714|
