#|num|weight|mean|covariance matrix|
|0|1154.7200663378499|344.2059749642826 407.366248477529 209.7214093957955|12.248045966843186 -5.268216665205838 -1.8167121750100055 -5.268216665205838 27.74699518637918 0.2904506490386337 -1.8167121750100064 0.2904506490386338 9.609816404054257|
|1|1002.5266433299522|311.88348010560685 415.8664346317546 217.38208854554034|29.88363352431683 -15.135497210118771 -15.585059367334324 -15.135497210118771 13.495873779530282 10.020709570018273 -15.58505936733432 10.020709570018273 20.05296805402637|
|2|1859.3689118183308|317.51150809625096 415.7479137581574 227.29467270488226|24.181824036134874 14.756846043660309 11.569957545566915 14.756846043660309 36.313284305553665 8.574569259093382 11.569957545566915 8.57456925909338 13.151645774745884|
|3|542.7564962903549|332.391543786826 392.96424765891845 202.1545985229333|9.86087964569489 13.050460714363748 2.7341073081983125 13.050460714363746 26.809575093447414 10.914984550141163 2.7341073081983125 10.914984550141163 9.288669672217267|
|4|755.6068866277228|312.7001380565053 413.9598281816113 204.60453814895592|11.587320837479085 3.7385886744733545 -0.017180133361650585 3.7385886744733545 20.087241606091172 -2.007565717951536 -0.017180133361650585 -2.0075657179515365 6.4389107391963165|
|5|1262.3894242377705|346.3261515775659 410.72324955960323 226.6559146304851|13.728027284059195 2.7310895833430604 -10.170219388046974 2.731089583343061 9.195410373437012 2.4063381103087886 -10.170219388046974 2.4063381103087886 28.565129362654694|
|6|2141.1709808597443|324.03351272170534 408.5548614708454 222.69936404932807|34.93367288875982 11.219460544943459 25.220430307999766 11.219460544943459 22.013560473236215 0.03684785561692294 25.220430307999766 0.03684785561692472 38.774803048472975|
|7|966.8721490460081|305.719466973161 398.5482608247721 232.71466545497225|7.338368536841578 -1.0045788648390501 1.3550117135567668 -1.0045788648390501 17.369627231875988 -4.6854473304704625 1.3550117135567668 -4.685447330470463 7.309327514564381|
|8|2167.799074392094|337.1002586247196 405.03844984896045 221.73661619272727|14.08660131781129 -1.942974168953027 -10.906312466852516 -1.942974168953027 23.929815737407424 10.809936543885918 -10.906312466852516 10.80993654388592 45.865463368477066|
|9|1138.903069022492|343.6998301725309 416.0732511503969 216.86372532323037|17.199498134196514 -4.431396084921336 -3.1636963632293185 -4.431396084921336 16.12350551166727 -2.125641334448903 -3.1636963632293185 -2.1256413344489036 9.228779954241421|
|10|861.7156707090666|322.9959474682097 391.4193535149455 204.46258982719044|7.077645410888898 5.620345389901148 7.191627837509806 5.620345389901148 14.687050527437378 8.024909185962855 7.191627837509806 8.024909185962853 27.3226812026644|
|11|1039.166201214435|311.79240511357773 404.5631102319556 215.45895291124916|7.011752852533524 -7.03637163712112 5.19635597968564 -7.03637163712112 26.326275569112816 -3.4501587293223377 5.19635597968564 -3.4501587293223372 16.9590041663395|
|12|2039.9753585051562|330.3301639876185 421.4423835941032 221.2896764956945|38.826953300116216 -2.217404852443841 9.505789038830413 -2.217404852443841 14.635438013675069 -5.77254879058802 9.505789038830414 -5.77254879058802 16.116834549418787|
|13|1074.4162038297088|314.5717476176966 424.0833017831719 239.2867340625062|13.90355241295499 -1.5081250825471075 -7.771702072833065 -1.5081250825471075 13.535369643800532 2.04364362004525 -7.771702072833065 2.043643620045251 9.023895147517061|
|14|592.6010099581575|297.2347240990254 420.1897023702777 214.64575863788585|5.918591291869008 -10.366043976772694 0.4132272420354467 -10.366043976772694 22.045963954870963 0.40049468148792605 0.41322724203544664 0.40049468148792605 7.847754743405649|
|15|1284.4856309460708|349.7260890145033 402.19863693125535 220.2010359918611|14.403101529894087 7.742234426548674 11.866814451544034 7.742234426548676 10.99950224198858 11.655012310315565 11.866814451544036 11.655012310315566 34.6856308711112|
|16|1194.8259632662057|334.46039027789067 408.590566981467 203.14322372731505|21.415531803249152 13.840542533382187 13.174933603117607 13.840542533382187 19.04814877526639 11.755284990364224 13.174933603117605 11.755284990364226 17.107033876207243|
|17|1012.8171973857278|320.7612460481902 419.1116297128995 211.84961578015333|9.845831382916735 -1.8667624061007313 -1.8197607769933888 -1.8667624061007313 10.902918748340042 1.5370139153132625 -1.8197607769933883 1.5370139153132631 15.711581958675024|
|18|968.0158369851082|312.68980098021535 426.21645913908776 220.59645528824262|6.942802108076798 3.0288899057198173 1.3132375635586608 3.028889905719817 16.550142401723917 6.655987016498728 1.3132375635586602 6.655987016498728 9.590798654647903|
|19|1061.4219179039808|334.4123722662542 418.84784811344474 233.80143598886733|36.00061062013015 -0.4559179967835517 5.033796866455983 -0.4559179967835517 9.425396602092349 1.9125318543027676 5.033796866455983 1.9125318543027676 5.8780724743850765|
|20|871.5022547032357|318.3758326860494 391.1358885268301 213.41144196917543|10.071491567193764 -7.238040437182704 5.600963454791699 -7.238040437182704 26.14448122216677 -0.04244462076748512 5.600963454791699 -0.04244462076748495 7.224332495780879|
|21|1156.886927823867|320.3420535025522 401.6471089996938 202.45180214996526|32.45910517867246 -17.053811395347847 -4.703849200961792 -17.053811395347847 21.4554946558587 1.0804584995020097 -4.703849200961792 1.0804584995020101 7.638599036385581|
|22|1092.3275355227674|341.3322530476371 394.331771800522 206.9225079138491|15.71243976226241 -3.4241234803809446 2.82305672965519 -3.4241234803809446 6.249429376090353 -0.9934934056008231 2.8230567296551907 -0.9934934056008231 22.411796676959927|
|23|837.9129368908699|317.044721503464 403.37437656823226 228.2336548628554|26.57129810713211 -3.1421331433678708 2.302429473449857 -3.1421331433678708 12.171843601525918 13.361821389685732 2.302429473449857 13.36182138968573 19.206202514342344|
|24|489.5267891610423|325.23545757630234 397.52290059643076 195.3083876825793|27.524038709936644 13.003958894615115 -4.002545198842385 13.003958894615115 9.714705252962107 -1.8266242190116724 -4.002545198842385 -1.8266242190116728 1.2998252949697051|
|25|1261.565246307417|302.9001232155443 410.7952617511687 224.85941326507825|7.95803577761166 -0.7279896231037688 -2.0101299247708635 -0.7279896231037687 29.490495614798807 -8.356439896992562 -2.0101299247708635 -8.356439896992562 10.690202837839875|
|26|333.3426392452817|355.8146429519688 410.85182092122415 218.82481171485452|6.546572892463573 -8.420853398064462 1.567629439578523 -8.420853398064464 14.4830356731807 -4.362668492970073 1.5676294395785224 -4.362668492970073 3.821593720260742|
|27|1116.2671536230614|339.1072948439869 403.3499338302123 232.7297563252088|18.150111281629652 -1.0612701049818232 -7.835079553427577 -1.0612701049818223 14.395690402930429 10.373650672711545 -7.835079553427577 10.373650672711548 17.635994718487094|
|28|1236.500098624399|321.8390114145543 414.0783862433698 202.662439890993|36.799965602775146 -16.344549838822815 21.067829303898538 -16.344549838822815 18.14130568846746 -14.675723221674835 21.06782930389854 -14.675723221674835 21.589207500311417|
|29|477.49435120726525|346.2957852411543 401.23218155551285 200.23271105055906|6.386120584823595 -1.324168017625862 -4.349078108679526 -1.324168017625862 15.90533091781504 6.780108026973085 -4.349078108679526 6.780108026973085 6.433665292673825|
|30|716.4741970727173|323.48784694801765 428.3748496876269 231.93307476554327|10.021546302265566 -7.651815005868424 -11.156702142508442 -7.651815005868426 9.460326166469013 13.34382641989382 -11.156702142508443 13.34382641989382 29.359180919785558|
|31|692.1100646427171|342.9278908359115 422.71474391129163 228.00677004916585|3.6229602688022418 -0.9294342293238875 3.0667434838173255 -0.9294342293238874 8.82911017408228 -7.308627506054734 3.0667434838173255 -7.308627506054734 21.227824682748277|
|32|981.251673713954|325.7078475679051 409.6272012876058 235.48527426497844|20.462611116411434 -0.3064138549996771 0.5866336537176121 -0.3064138549996771 22.731506861507555 4.003841981795967 0.5866336537176121 4.003841981795967 4.39804798469633|
|33|885.9289319046194|331.44795122334705 402.4666784075652 209.66206896934276|3.843273211815266 -3.8673938719177503 -7.757829268174952 -3.8673938719177507 15.400514817646807 6.371223471601156 -7.757829268174952 6.371223471601154 41.04688782504268|
|34|879.8074380121652|323.292307583642 403.0145310295143 211.7821051333049|3.266100918608637 3.4667780493826257 1.2063303831414736 3.4667780493826257 23.028717351463783 -7.062290643680732 1.2063303831414736 -7.062290643680734 21.426412316756284|
|35|1196.8296763171336|330.2227012103717 393.53083865268354 213.730061864571|20.716938249466065 -1.8621501702869272 1.6778716477255446 -1.862150170286927 11.978630681855229 8.96202725286674 1.6778716477255449 8.96202725286674 20.28615107691123|
|36|702.8006814256845|310.62892705506886 421.24829105011037 199.77596432294692|5.348272086224042 0.9296459865592361 -3.3829702680517273 0.9296459865592359 9.09750774471523 7.278636486441634 -3.382970268051728 7.278636486441634 28.54863372220376|
|37|293.5527869191238|304.11918475131637 407.7331780583751 206.14030993058483|9.785913567570645 -4.882605787084633 -9.259771072030635 -4.882605787084632 4.090594525030292 5.418322797162841 -9.259771072030635 5.4183227971628405 10.574084989283294|
|38|580.5621242161802|343.08171956031094 395.6922484793186 225.2127308333827|4.285819993921796 3.4122459344510965 4.364172141452258 3.4122459344510965 7.5043363296290035 8.571859672249472 4.364172141452258 8.571859672249472 22.123090891513364|
