#|num|weight|mean|covariance matrix|
|0|487.1005189124438|339.2448879580542 411.0740854024586 374.9012585957947|7.365589701854719 1.345410140365042 -1.2806582499737718 1.345410140365042 5.961771735537301 10.850348613666188 -1.280658249973772 10.850348613666187 26.888420927448795|
|1|945.4468654758185|318.74104517441975 396.6332857041874 387.3879340530473|9.002413860671478 -0.43924245919464855 -0.9152909995878824 -0.439242459194649 11.77097658910957 -3.8482721664912614 -0.9152909995878824 -3.8482721664912622 13.214250871095368|
|2|507.4841997063391|352.95771937197196 409.6964912086533 384.4309309036634|15.369535637349035 -5.899470980079832 -6.18257324579332 -5.89947098007983 12.340953455599863 -1.9985869686267725 -6.18257324579332 -1.9985869686267712 6.323845287750737|
|3|1676.2399568632388|338.2121408487862 392.74468179067065 387.44314465797|49.21089878126475 -1.05358294830297 -19.264220486456775 -1.0535829483029708 17.187353643569583 5.543171868340963 -19.26422048645677 5.5431718683409645 18.555613124054318|
|4|557.8249774317607|332.7344291453786 383.4542289189375 362.54484913396453|6.615244338359751 -0.628231530288494 4.614601857913881 -0.6282315302884935 16.806503133133855 5.334295247231737 4.614601857913882 5.334295247231737 8.199541184438283|
|5|1562.8456425391653|318.1072015224126 386.5810175429316 384.500092066213|18.536405672118498 0.11623412746432682 -6.176164037908615 0.11623412746432726 10.698463151894053 -3.925637860067515 -6.176164037908617 -3.9256378600675146 28.61011876384275|
|6|1901.440754333722|317.96892242067906 399.3313660509244 377.6976540375163|62.6188534898326 -1.6408799393809002 -7.978929364002145 -1.6408799393809002 12.206986799207822 -0.19330907461246216 -7.978929364002145 -0.19330907461246222 8.749600992550388|
|7|1435.4623732055102|314.96856836254545 374.8874795635566 389.1543561179782|13.477265761836842 -7.699211573455772 -9.294646681243217 -7.699211573455772 21.75468803712801 9.804260429049679 -9.294646681243217 9.804260429049677 17.029311021431404|
|8|592.2994549712992|328.83131263151904 390.5764302426758 407.0858336165596|5.820986762122142 2.616312137154733 -5.208176952227246 2.616312137154733 12.835669590124608 -18.111075071096916 -5.208176952227247 -18.11107507109692 28.87378108139863|
|9|688.1332878534|328.64937930475577 376.5609833899554 383.0062815102153|8.9013754500249 1.8010108450874158 9.866041706978791 1.8010108450874158 4.12725584545626 -6.52448352402547 9.866041706978791 -6.52448352402547 41.16847528241972|
|10|448.6158751483535|312.59695354022995 383.123328420361 375.79226593067733|31.193986620888815 5.26064599690716 -3.7856156069495244 5.26064599690716 2.8987564101842302 -2.7296599775021595 -3.7856156069495253 -2.72965997750216 6.702338549600463|
|11|425.93388580296363|343.19826121006486 393.3843963180504 402.29873555356005|36.26667576574573 20.016126284304466 -5.009940301904542 20.016126284304463 12.277037230714944 -1.9381635230702545 -5.009940301904542 -1.9381635230702545 2.819305512076401|
|12|1003.931220711063|341.8458044183287 402.9680167291586 363.5490435680791|20.593710842274604 -3.1201234096058412 5.333744043359668 -3.12012340960584 9.122341371892398 -5.356059274140884 5.33374404335967 -5.356059274140884 11.610986030693173|
|13|1140.4711924006158|339.7990059999194 407.3600640381078 387.4485458040334|15.654455537478928 2.076068853709422 -7.071844996272509 2.0760688537094225 12.580795656938399 0.28837288237642644 -7.07184499627251 0.2883728823764269 14.044107949965065|
|14|248.26079421700123|302.10941282246216 402.86645699130383 376.8632717237347|3.028670193242434 0.4001477854862826 -0.8716601725351434 0.4001477854862827 8.193127577520864 -2.1186177415844236 -0.8716601725351433 -2.1186177415844236 1.503665036926987|
|15|1375.360224405994|323.09660959815204 393.1415874156706 365.48170603589597|33.279208997186316 -5.014855196484671 -22.280370991925857 -5.014855196484671 7.767442623761316 3.400231976935931 -22.280370991925857 3.400231976935931 29.495104800613866|
|16|1216.6565312017547|340.97986731436697 400.24056143967204 378.5437330204962|12.878568142753767 -14.146925517819385 0.2674792145230045 -14.146925517819389 37.00753682079127 -4.387714176078278 0.2674792145230045 -4.387714176078279 13.098425433429764|
|17|700.2885814040212|350.20924227671594 393.13714746437427 373.8408970881635|16.73730174952997 -5.2219154421270595 20.518247347150997 -5.22191544212706 5.750464745795826 -6.909120390435376 20.518247347151 -6.909120390435376 31.74063545287516|
|18|1068.2424161217707|326.8420892433947 399.05611006023946 394.90679580217983|16.57475544878591 5.830773016073073 0.7261728164202772 5.830773016073073 15.772263456043818 -0.1437640137872931 0.7261728164202766 -0.1437640137872932 9.037420001320822|
|19|1036.9971899306802|330.29003686961534 400.8967444544363 361.90575738405084|16.60011926160622 -10.482527819152903 -2.01904644840162 -10.482527819152905 16.744212126890663 9.09515096050938 -2.01904644840162 9.09515096050938 18.4571574758736|
|20|1065.7374769380954|326.7828508388469 378.55240552022354 407.6074308478561|6.095655526214789 2.7518635410787633 -5.264141837534545 2.7518635410787624 15.709970975857154 -1.8056842619194393 -5.264141837534545 -1.8056842619194389 13.961727148858063|
|21|1001.775787626011|323.79482437924855 381.0281363341056 372.69824236878276|13.853422321547729 -0.5581079191524784 -9.412689591185222 -0.5581079191524784 2.3799562255471858 -1.7077048428190156 -9.41268959118522 -1.7077048428190154 44.067444689523754|
|22|1077.4779779662458|326.097091779947 365.32206423648825 383.59038821475804|14.674669205578676 -5.436732433565617 -5.31240808641178 -5.436732433565616 11.341149315007307 5.654987198544695 -5.31240808641178 5.654987198544694 10.145960759622103|
|23|1129.3606560529324|340.692155607993 402.07297681742483 397.835745992553|18.689712061094344 -4.111831980105884 6.8627040100457 -4.111831980105884 14.030353798933756 1.8730858716269267 6.8627040100457 1.8730858716269267 9.56318864217996|
|24|1207.3407291195508|349.0254502359978 400.59945790796326 388.787316798784|7.265213364844455 -1.9430692207330278 4.214462867053318 -1.9430692207330282 23.719820748384677 -8.325201101622465 4.214462867053318 -8.325201101622467 18.65368386887226|
|25|601.4051054257809|302.34333640551597 380.1047878107389 389.5652173014021|15.553298922362668 -4.517512008999275 -11.008760957911825 -4.517512008999275 3.2868877316136014 0.12781011281382412 -11.008760957911825 0.1278101128138247 18.729148559509504|
|26|2143.7080409916352|329.0453438552886 387.833257510139 379.95812335117125|10.73659566286619 -10.591149333899985 0.21880741772047896 -10.591149333899981 22.121406551571006 5.444512521045004 0.21880741772047896 5.444512521045005 94.8084329838789|
|27|1878.872243389638|336.4787660046338 392.73779668335953 371.09956936101446|15.585246672563176 -1.1140792757081126 -1.1988796098286714 -1.1140792757081126 17.173674558582086 -1.2091576529851533 -1.1988796098286707 -1.2091576529851533 28.476018641995662|
|28|547.4850913945132|321.93556840099336 393.9038492345206 356.60949746867976|6.09289573751766 -2.0713314820150934 -3.798579017941891 -2.0713314820150917 19.08773595688724 10.04564081030469 -3.798579017941891 10.04564081030469 8.187191118591874|
|29|1549.3111963142467|339.35986547954906 388.45051069011595 396.5553657126083|19.30711485868222 11.87889767202962 -3.5565178705684533 11.878897672029616 31.557223811227825 3.197708140785415 -3.5565178705684524 3.197708140785415 12.56978114426891|
|30|1509.366384407459|350.09729822485684 403.27308755957233 376.63544562977955|23.437599684441906 -5.220853718053283 20.691508945696118 -5.220853718053283 12.525826841655988 -5.345401777607091 20.691508945696118 -5.345401777607092 29.521688260186924|
|31|685.6169718918177|306.2876684628473 395.4547269151171 382.2210954423912|8.701768980845817 -3.3063744576854437 0.5662203486817595 -3.306374457685443 3.999235476690887 3.031252148213486 0.5662203486817595 3.0312521482134858 21.435401501002552|
|32|1480.0800914255885|325.68629404599284 384.0325539059093 394.33126712302123|12.860035493246968 2.654498383094816 4.694159236176583 2.654498383094816 19.81178350706343 21.886259487057835 4.694159236176583 21.886259487057835 37.64179299511912|
|33|373.01452812456336|339.2978074287631 413.34872494511035 365.11365729684655|1.9447324260963637 0.7010889130680976 -3.5446563234647432 0.7010889130680976 2.729317546364652 -0.09682773769196368 -3.5446563234647432 -0.09682773769196366 15.323716183842706|
|34|1009.9754864745757|349.9125202058482 388.3368126546955 387.85175604202|7.335562766257793 6.724389282854958 -1.6491226577075526 6.724389282854958 15.515200452058261 -4.024659490051787 -1.6491226577075526 -4.0246594900517865 21.767749977078463|
|35|1336.2889558739266|329.6085646166147 405.60070266383343 373.88694122316895|20.593124302831345 6.77520015242817 18.401735284418645 6.77520015242817 12.81795675365652 12.433108723432627 18.401735284418653 12.433108723432627 30.386714329579608|
|36|893.384001057941|314.6954351904918 389.48627479919827 398.347541484724|5.346857340780974 0.6133482853638221 1.5813490462842617 0.6133482853638221 7.458903043926426 3.839362006529521 1.5813490462842617 3.8393620065295195 18.239461024383573|
|37|964.4515923677656|339.4284890748332 381.8356996522914 387.94744644832554|13.368039687998799 6.725652020054367 4.144791380153697 6.725652020054367 13.246386097480642 -1.0404497268121196 4.144791380153696 -1.0404497268121193 13.077117361965936|
|38|450.50994052022605|311.77291993356414 389.450118891172 372.69420076558725|11.420168021733856 4.313066940174125 -4.575953745121226 4.313066940174125 3.3500718778733916 -1.1050353632172774 -4.575953745121227 -1.1050353632172771 10.559751792964|
