#|num|weight|mean|covariance matrix|
|0|846.4290789203807|326.19087296691765 273.64532320495846 320.20796043724806|16.618898756189406 -12.4632140212188 -15.862178611728728 -12.4632140212188 15.967544794533337 11.924736594654735 -15.862178611728728 11.924736594654734 22.620573625408888|
|1|1223.607749185924|331.8887315828804 255.66459434799665 335.0549802072958|32.49295487326958 3.5546130135496585 0.3299877711913849 3.554613013549659 17.729453970433823 -1.6866394893331336 0.329987771191385 -1.6866394893331347 10.447229715290385|
|2|975.1231975089638|317.14015104919173 250.39995142203065 343.19174965064366|22.436607960048608 3.733151087618844 -4.2425279785035785 3.733151087618844 7.03506951281088 3.741380765804671 -4.242527978503579 3.7413807658046707 11.751400172202066|
|3|1101.23051448594|343.80834876122674 277.38359884585964 338.1704513188521|27.54142218270641 3.0454407181223977 -1.7001785930152429 3.0454407181223977 13.716613335919718 -2.077271111698442 -1.7001785930152429 -2.077271111698442 5.506231487633157|
|4|579.7723551622297|338.26936236035704 255.99414231159264 307.4802129063832|7.941102370232631 14.365752372519642 -2.567190324258646 14.365752372519642 44.46245384463081 -12.96910565052082 -2.5671903242586462 -12.96910565052082 7.408767372942739|
|5|644.4142537211229|320.8265258680368 250.5972489932394 320.2354017630685|6.558038682882418 1.5430277754585402 6.8202997649393815 1.5430277754585404 7.0758317095883685 4.228718666973238 6.820299764939383 4.228718666973238 30.26913505520502|
|6|1992.7202818451838|338.9721673599664 267.25267488477965 332.3453991043358|35.84777980853885 0.1884400378644629 3.6133727575323897 0.18844003786446206 13.278294317676675 8.623650347229045 3.613372757532389 8.623650347229045 32.060213203783164|
|7|581.6987046820146|347.5005263349648 254.04038015058373 340.0205380826572|16.677233728491235 3.204882965817402 -0.5911406444818865 3.204882965817403 10.030479461773465 0.5436082145593747 -0.5911406444818866 0.5436082145593748 2.9679659048631266|
|8|1037.630504215466|333.0924094614285 250.0438099066756 315.33694138347244|23.966977824616336 -7.157319157277169 -13.814876914649986 -7.15731915727717 6.5164205819833825 3.425311706427134 -13.814876914649986 3.4253117064271326 16.10075693470629|
|9|580.463834180983|306.7286177083292 252.45061278348223 337.51622792315965|2.593302091981078 0.8371938971263899 0.09042807228484828 0.8371938971263897 7.5298216746829425 -6.495976428062201 0.09042807228484828 -6.495976428062201 19.076347541567607|
|10|832.2813246944233|335.8705821244239 269.7539798128192 308.696137183696|11.552523041067872 -9.446698155332292 -1.2863362698540683 -9.446698155332292 24.72314924989415 -4.1134585313544 -1.2863362698540681 -4.1134585313544 7.314410574952606|
|11|733.0793634047135|315.37608121132524 267.49930968790665 332.08888669571786|21.952319386448565 -2.6611946050246513 -3.8419283002380875 -2.6611946050246504 6.07895333111428 3.399515584361321 -3.8419283002380875 3.399515584361322 7.424826602066684|
|12|1465.313035285282|328.3337147802441 273.9182923078831 331.1384824309998|27.559409645448472 6.772706783852777 7.631348811700001 6.772706783852777 14.43625496761014 0.49531072589416425 7.631348811700001 0.49531072589416425 15.141187576682015|
|13|1138.2783708382563|346.298101980798 250.10316000918323 322.05815965877565|22.906929736356656 15.23521007370873 14.11299218995663 15.235210073708732 23.653207853454337 6.300544958359142 14.11299218995663 6.300544958359141 17.621268428708998|
|14|894.7729578492914|344.2315225156318 265.4097560088319 317.0293822172632|10.615323698046636 -7.33646513501547 -2.6586190605138507 -7.33646513501547 12.612194782638621 6.718711183785726 -2.6586190605138507 6.718711183785729 11.547559791565488|
|15|815.8529653333687|316.01767304864956 255.40304548797076 327.7756234248477|9.952062366724116 -4.588335116063467 -6.528069604405071 -4.588335116063467 16.14104810210673 8.346300216603911 -6.528069604405073 8.346300216603915 12.74978071718142|
|16|1582.3847266003572|324.0303844166216 270.4851029491976 307.42469665426046|20.735932036128965 -15.630103417100194 -7.843878738698315 -15.630103417100194 32.685292189385756 10.479711655621372 -7.843878738698317 10.479711655621372 11.921401907853276|
|17|884.4632728375699|324.89028678663806 256.3208549093293 311.4214198463057|21.89226484527826 1.7065821583776135 -13.289356125823124 1.7065821583776137 10.491722644704721 -0.007835768913714514 -13.289356125823124 -0.007835768913714292 14.22576012648872|
|18|388.26004123142366|320.72899982049637 282.7676686186706 316.8672235677957|2.711145159877613 -0.7931478258203238 -2.369737858357799 -0.793147825820324 15.96728064578552 1.2690712602774121 -2.3697378583577984 1.2690712602774121 3.5811719509742814|
|19|728.2369016647627|333.62612105311354 265.9607115467177 342.0971473581035|10.163175027775011 0.5023531850286099 3.083391637660818 0.5023531850286099 20.223858403692393 9.956167442615655 3.0833916376608177 9.956167442615653 9.51335339015181|
|20|1405.9120299454923|317.86427771263936 245.900665183505 331.5137889933913|34.43529859305507 -12.571068127369074 -25.741668485607327 -12.571068127369076 12.145534277346142 12.417219953722892 -25.741668485607327 12.417219953722892 31.221528569681695|
|21|1785.1102960491166|354.50886491248957 265.60487785660365 335.63156114441125|9.222602005393098 -11.861151793529654 -5.232860673990793 -11.861151793529656 48.36142743071168 11.186539309928614 -5.232860673990793 11.186539309928614 14.801735811007388|
|22|1326.7992317580117|337.6502183397023 257.75127291953885 316.24885607377655|40.40069436785727 -7.829018269586303 20.455174194537648 -7.829018269586303 5.938690128129931 -3.0893265762269504 20.455174194537644 -3.08932657622695 29.255928426495764|
|23|690.5723815286315|334.5400279290018 284.043086823823 328.96298958723446|5.222221044001453 0.3473679447927298 9.894688654833379 0.3473679447927298 7.406273719239102 4.588065021427054 9.894688654833377 4.588065021427054 33.194844056764836|
|24|1401.2106090904595|319.6059256010859 259.08607663608717 337.5616461911831|20.36953523224337 1.0433597245419644 -4.135922843555542 1.0433597245419648 12.279936477396706 -0.4400022757611931 -4.135922843555541 -0.4400022757611931 13.331073702839763|
|25|872.5175666690354|315.3749168665881 275.7400177103618 314.70138176265436|3.683635575306765 6.129145638426353 0.16539568490660583 6.129145638426353 26.509462121948935 -3.8993508691041754 0.16539568490660583 -3.899350869104175 12.133446855553839|
|26|1821.4030809154297|318.1380629640168 264.5841552804894 319.2892147291548|16.415105327609478 12.071194996225197 -11.689478517193882 12.071194996225197 24.101594324127852 -6.085387358748882 -11.689478517193882 -6.085387358748885 26.86234045172322|
|27|1128.021145948448|326.43453583385696 245.13111312373877 334.955355095639|14.444768410619513 2.9802801831119137 -9.821991340662148 2.9802801831119146 11.225892588989197 5.654833698665141 -9.821991340662148 5.65483369866514 23.521197470618098|
|28|1219.2604191048908|348.7914868612317 269.7307243888149 325.7833495846847|11.579484142763476 -20.58456535858376 -2.362111420210975 -20.584565358583756 50.09685074668972 6.1942955264239234 -2.3621114202109745 6.1942955264239234 9.210012251080949|
|29|724.8213785064039|343.43523560050164 248.89491308500786 334.6495503240096|18.04756951473341 -7.575361003746356 0.8234747898969575 -7.575361003746356 6.0482254058757565 1.899221310725661 0.8234747898969574 1.899221310725661 13.519391479083922|
|30|1638.5834799063214|338.21853726285093 276.13486907596007 323.22480769065146|17.726911645028263 0.38081141014849695 7.284298355855796 0.38081141014849784 14.560412650967272 15.037263341213283 7.284298355855794 15.037263341213283 48.92197652388017|
|31|2001.590938048682|329.4915879156559 262.439424956634 322.8651543129507|13.827686854384362 9.34270957242442 0.6699589317663897 9.34270957242442 41.50647668235367 -5.051869418037441 0.6699589317663903 -5.051869418037441 25.11169395421566|
|32|581.3491394536161|343.0431120672369 262.6001460165424 341.43009528421663|19.46622064982646 2.16669266650207 13.737539865366001 2.1666926665020703 4.525798310377969 2.6427626249760423 13.737539865366003 2.6427626249760423 12.843996453812956|
|33|1353.064455104617|343.92013778685697 256.50604670611045 330.1846135073666|17.724250368148162 -8.066859809438146 13.334997659029163 -8.066859809438146 23.262651398282422 3.7119267612613154 13.334997659029163 3.7119267612613154 25.175188767020977|
|34|468.36951946411233|356.4226614598452 257.188409406771 327.1673616462176|25.947216183551095 -13.42790291801061 -0.9063731759706686 -13.42790291801061 16.90547590477306 -4.551991621938771 -0.9063731759706686 -4.551991621938772 4.912247679188692|
|35|996.6479823192707|335.2867931789084 248.58996858663005 324.65794225493306|14.446705810795281 -8.302450427109264 -7.6920964372363745 -8.302450427109264 15.081557440979163 10.130268050219282 -7.6920964372363745 10.130268050219282 14.280326245664625|
|36|789.4546125392254|327.81131090232975 281.3171614929279 313.32756396239375|9.111192157077928 -4.146288287072303 -0.27988489480392803 -4.146288287072301 7.576547497002486 -0.2692094776925753 -0.2798848948039279 -0.26920947769257536 14.585075950037492|
