#|num|weight|mean|covariance matrix|
|0|1452.3739872543406|292.1125348503666 285.0080536995304 274.69865631181995|17.611723809962484 1.004600976544816 -4.43106184934484 1.0046009765448156 9.079064469053932 -4.905358694236455 -4.431061849344839 -4.905358694236455 18.315431421058356|
|1|1230.460210837377|311.3045488825659 260.688293195838 271.69267244823106|4.784640470654836 1.1973949668754875 1.7694518574722438 1.1973949668754873 22.077736555907265 -5.20400898281275 1.7694518574722433 -5.20400898281275 16.410631272614047|
|2|396.8265303564936|286.76939432331324 277.8604970491556 234.7788017225167|7.539274848847446 -2.3006756939838633 -2.736661902851124 -2.3006756939838633 6.743362389974386 -0.6958335227815247 -2.7366619028511243 -0.6958335227815244 3.6465635081672785|
|3|1243.64962783895|306.9943923710522 271.0443206617625 277.57521826909255|29.364509510894276 -11.553692940658804 -6.20080577789976 -11.553692940658806 13.693640938584 4.6538119280261805 -6.200805777899759 4.6538119280261805 7.958953839528857|
|4|588.0752386110614|316.6978529183625 263.72629239880615 244.90558143071|6.403259792117017 -7.243668920954275 -4.576748898282716 -7.243668920954275 16.967455238792777 12.398829237470872 -4.576748898282717 12.398829237470872 13.730245034877576|
|5|1321.1107324553557|306.92106832590895 274.5248250444849 290.5268881309307|8.421015839884426 8.307001522747047 6.694361065690567 8.307001522747047 41.073723682094624 16.3534684546872 6.694361065690568 16.3534684546872 12.557562539059747|
|6|1069.758432463024|292.78886827240666 295.52277119202887 280.4196385997879|22.9037658691607 -2.7748408490684424 9.225915280242086 -2.7748408490684424 6.35410734516664 -2.227553825142343 9.225915280242086 -2.2275538251423432 11.155010617066441|
|7|1040.6207974107388|317.2208083809116 264.2686651443016 281.1140010212701|7.31731903779 -0.07347483012198763 -1.0205376935848585 -0.07347483012198786 9.368290078292333 2.8190193029645934 -1.020537693584858 2.819019302964593 15.731814919049127|
|8|703.207724268942|315.13126612060205 269.3305238984324 257.11775447283446|6.227013378459953 0.5292967982934111 -4.488373058528634 0.5292967982934116 5.751489994114166 1.0238897072304938 -4.488373058528634 1.0238897072304938 14.039451251810325|
|9|1010.3975423444301|300.6677196140279 294.23132185194754 272.342410670023|4.980032245708804 -0.35231344095041645 1.22287733444625 -0.35231344095041633 18.344530499584287 5.9232946320384645 1.2228773344462502 5.923294632038466 12.224078147887235|
|10|1433.3983528570095|291.39374529288045 297.60274851229104 269.619292672846|16.826150154237773 4.043449655713787 -4.55609009028781 4.043449655713785 13.919565482642913 2.5185365142171046 -4.5560900902878085 2.5185365142171046 10.489714102628104|
|11|1006.2454564116493|306.4827838667287 259.287086362678 282.87742487393524|6.873029108596373 0.6194690499077368 0.3267890015958738 0.6194690499077368 18.245378095365282 3.3042349719713555 0.3267890015958739 3.304234971971356 9.575539628636243|
|12|935.1388246868546|306.5929274167029 266.728426650805 236.59709718326016|41.19329216985492 -41.834258096160625 8.666482735819331 -41.834258096160625 49.44177749868272 -10.295123417036143 8.666482735819331 -10.295123417036141 4.158156709274859|
|13|827.4819541524624|298.53847068962995 276.732334216393 290.0579296688011|3.858620532698235 -2.5217429663892768 -3.434111139952266 -2.5217429663892768 8.30960375070784 7.225609594983941 -3.4341111399522655 7.225609594983938 24.064938651254813|
|14|629.407018605582|317.8117672432985 274.0950648150763 287.8759480717501|14.033031179039924 4.016934009509635 2.1130375796007224 4.016934009509635 5.3933887594395005 3.9203477141864616 2.1130375796007224 3.9203477141864607 6.93943471714769|
|15|1372.749728797299|302.6309699613339 284.08885877990485 281.35610677889576|34.160708283711436 -24.277108283673257 17.05921115410252 -24.27710828367326 26.54413529850131 -12.699041566569187 17.05921115410252 -12.699041566569187 15.778232226347388|
|16|531.2774406486976|296.0039169356095 277.7502930529804 231.50699099663555|9.443023227000886 0.6620865260030708 -1.595165978556342 0.6620865260030708 9.36467185517139 -0.044003832793099384 -1.5951659785563417 -0.044003832793099384 3.665674994687023|
