#|num|weight|mean|covariance matrix|
|0|1058.8396477879041|290.3066614046255 439.0190194682356 96.53305027501274|14.564961750303018 -0.5272148900477704 3.2975289902338276 -0.52721489004777 22.197543085930548 -2.3013678188836195 3.297528990233829 -2.3013678188836195 7.005305551922064|
|1|1137.4179679167269|302.7738233831506 425.4610612840287 70.59519515527164|18.464142807817783 -3.347911807277436 10.632264705853531 -3.347911807277436 11.956813696866853 3.3925672806686324 10.632264705853533 3.3925672806686316 20.289148545792166|
|2|1098.2361062072714|305.43898726362744 451.39970686507934 92.33754698720305|11.756735527442844 2.9433390519612614 -9.05113200735846 2.943339051961261 15.744622614441575 -4.352336028428599 -9.05113200735846 -4.352336028428599 18.684900028645924|
|3|1058.6650673530614|320.82544677392883 445.2566899470462 79.30751384120624|11.585447378431992 -1.2624820759200497 1.4605648605909987 -1.2624820759200497 6.071374562955551 -1.102927168603351 1.4605648605909987 -1.1029271686033508 21.17866952228328|
|4|1039.7831708832769|305.9964995143406 421.8744321549061 83.96259444488139|19.04640120521681 6.840988378953819 -1.6715349088083409 6.840988378953818 16.723598892060384 1.9485968457201674 -1.6715349088083407 1.9485968457201677 7.710930855095486|
|5|1054.5098056279821|279.3112209001003 417.2127108115347 77.82439111102258|11.10901385273339 2.6683574264005623 4.386414688588339 2.6683574264005627 17.832928019831215 -0.025465172856923957 4.386414688588339 -0.025465172856924012 5.964852284887261|
|6|1461.5683686585105|299.5428946154749 451.9297043382159 80.61721684855071|38.806683973136366 6.864334356043818 5.34395002009831 6.864334356043819 11.333214219931952 0.29568831856422495 5.34395002009831 0.29568831856422406 8.410126077467446|
|7|480.90550506264447|301.9993477410624 432.3169519558258 59.99063088849654|21.296123780571907 -14.92509595210229 -22.02442895819976 -14.925095952102291 12.8526615003986 18.92121662682882 -22.02442895819976 18.921216626828823 35.89876384238014|
|8|1181.555147861043|301.81112452476054 408.0649428634884 84.36465092473172|7.8939147847648234 -1.309378266140059 4.9904894795331165 -1.30937826614006 8.955958916941043 2.701752873113557 4.9904894795331165 2.701752873113557 26.45923427734103|
|9|968.7702427149773|286.76400945090705 444.4168090819815 80.75600433666521|17.04525233035573 -9.129443867778622 -5.698048665529136 -9.129443867778622 13.464248055586033 0.6372727757884666 -5.698048665529136 0.6372727757884658 12.41531256388157|
|10|836.9952357620957|324.078917967514 435.435561192768 78.40376931182332|14.191096613719894 1.9062605472724754 -9.705682434911315 1.9062605472724754 8.749971864597223 -2.923100276863005 -9.705682434911315 -2.9231002768630057 16.464856189260633|
|11|727.3743184782379|318.4892038421199 457.2573206150087 84.23193104338307|37.40112492560521 3.5380474871505987 0.7697318568757705 3.538047487150598 8.524794964327057 -1.143153254957281 0.7697318568757706 -1.1431532549572812 2.3716540672495654|
|12|1665.6677070747544|291.90280329283104 424.41207998433595 76.91469102432345|35.479802529530275 -12.977937943434892 1.2339525275250973 -12.977937943434892 13.240395461974567 2.435082921033399 1.233952527525097 2.435082921033399 14.284947982281986|
|13|932.1067458435488|304.6793840200243 406.99541435684256 98.9936318739648|6.639739692843498 1.2209873884238418 5.8657594864193205 1.220987388423842 7.236823978582705 0.672062988679669 5.865759486419321 0.6720629886796693 21.872974201391003|
|14|1276.9200403620162|293.36579865580103 450.22590759953886 95.15557359204625|17.87971586272151 2.432561069298936 6.073178156847526 2.432561069298936 10.27764401404593 6.99080734850512 6.073178156847526 6.99080734850512 18.25490945497408|
|15|738.5955504501184|279.60160986130387 429.6210166935194 74.40154723195917|26.064079147984774 17.110052420128973 -3.9713234388339083 17.110052420128973 14.974322561410446 -1.1462103960252783 -3.971323438833908 -1.1462103960252783 4.714900811542294|
|16|1225.8211435348699|298.3671726896167 431.8680894965241 81.24443164034965|27.77943276665215 -13.70097115447955 -9.479895953385288 -13.700971154479552 17.19530226887261 3.8820816818524246 -9.47989595338529 3.8820816818524246 18.023901277098016|
|17|1565.0943301550178|311.52361214360036 437.3732632222316 88.64646975199494|24.087713122118068 -3.5110652973222507 -0.6411940856878091 -3.5110652973222507 12.652244576742156 -2.700578931964594 -0.6411940856878089 -2.7005789319645936 17.340404603559637|
|18|1059.606426361177|294.3581505738657 430.0945258773844 92.50893056649714|17.039928615683305 1.6976626760921532 -3.2369711337438924 1.6976626760921514 12.53792875823291 6.784343615196088 -3.236971133743893 6.784343615196086 15.047610053798417|
|19|986.1141139366746|310.6769239628747 434.0221756642602 78.62327033816429|16.12724721221206 -3.7392336338614625 -3.0940861218854225 -3.739233633861463 12.872541922921846 -6.403362495496095 -3.0940861218854216 -6.403362495496097 18.01728841095809|
|20|815.2520277187974|327.69615949153456 436.4464320800799 85.51688256438086|19.47372196161271 -2.83659486561254 -7.210812429037786 -2.83659486561254 7.07396612640094 2.9801683436371555 -7.210812429037789 2.9801683436371555 9.287444903687335|
|21|1286.665860945629|305.22504961981275 435.9996695928593 69.20080829091563|36.872167451010164 14.549019205758354 7.710300551334841 14.549019205758354 15.937321073561176 0.6109949812115101 7.710300551334839 0.6109949812115096 9.791691951918986|
|22|466.55587812967303|296.2931351562319 415.51711427411624 66.41169465811764|4.494482775864419 0.7626151128164538 0.8348817225361466 0.7626151128164538 8.794441493199374 4.747295314427376 0.8348817225361466 4.747295314427376 5.731234248754023|
|23|1181.122945777623|285.42953447725756 431.861679702922 86.01405940858231|9.822107202154564 -1.099037694864512 3.807346862404701 -1.0990376948645122 27.81274537699713 4.493126742559635 3.8073468624047004 4.493126742559635 11.281663498289733|
|24|848.1558734092|317.72015686525793 430.4640924124842 69.87460225822171|7.191387369289072 5.554603455192357 4.247376223013295 5.554603455192359 18.950669763524157 13.023598417150083 4.247376223013295 13.02359841715008 17.541630076633176|
|25|785.711487294715|294.61412679171985 456.6674513019276 89.23758669910559|4.463726134977966 2.0274046459878097 5.018981663202569 2.0274046459878092 10.498917539931707 10.299187190519103 5.018981663202569 10.299187190519103 25.914477872695933|
|26|1459.7415884740756|316.75406770125517 448.88614984232726 91.18749767743702|19.134426188577226 0.19808950861557584 -7.938154674303231 0.19808950861557584 16.669815608793986 1.3822983326320626 -7.938154674303234 1.3822983326320624 13.802218483528346|
|27|519.6812453800902|312.67691004315566 432.92655525562293 53.80317903521473|2.8876140470957923 0.3475632544828877 1.1809487369213747 0.34756325448288794 12.01647811740336 -6.585842697346758 1.180948736921375 -6.585842697346758 10.576164597429264|
|28|1218.7712161251786|309.6169226277504 432.5441149511038 62.41275538147127|8.208537348821313 1.7789710716705178 4.332550517157871 1.7789710716705178 17.546439845700117 -1.8273378432545329 4.332550517157871 -1.8273378432545324 14.656607096630834|
|29|762.2149438271585|294.75066234856166 421.5419698946106 87.45920816287881|14.292309824799517 2.951437559999248 1.4545082426444795 2.951437559999248 7.095660269180378 4.385417081562048 1.4545082426444793 4.385417081562049 12.330496534075056|
|30|1230.7924280195489|291.2843317978301 436.5051861331044 72.99733260248941|10.572943883509081 -4.426461304585682 -0.20573518124658552 -4.426461304585682 20.071965198744213 -0.6141314383779797 -0.20573518124658552 -0.6141314383779797 13.483670271529482|
|31|951.1235287964959|290.76121639047795 424.4727950077911 64.03809425190249|22.537077541509234 -4.766055166932882 3.563693106376467 -4.766055166932883 7.299677859717405 -1.584571985277338 3.5636931063764674 -1.5845719852773374 6.104036035642689|
|32|669.986336816337|280.553635541337 442.1328088597412 88.48373390252821|5.945135463249239 -0.021826740302383296 -3.303758341134864 -0.021826740302383296 14.147108376729324 4.251565491079154 -3.3037583411348637 4.251565491079154 10.669713376990439|
|33|918.0727366147772|300.3955098511593 412.3694467209247 73.19807627429674|8.326366181570307 2.7152526045695557 3.7758518573720723 2.7152526045695557 12.398301551354848 3.056354745652837 3.7758518573720714 3.056354745652836 11.547430679867592|
|34|796.5391756402782|319.51781216501104 427.8947480111643 88.15229023248723|13.326432850358191 -1.6772498488300918 1.0950209284283081 -1.6772498488300922 8.41519649566459 -4.4670209657959035 1.0950209284283092 -4.467020965795904 9.743291882667467|
|35|984.3269547042989|314.65657505178115 422.3869152340041 78.49208953693834|29.132759066785667 7.437604160335811 20.42546655038473 7.437604160335811 4.170529801161102 5.064123080189737 20.425466550384723 5.064123080189736 27.46479789134437|
|36|1484.4406085140376|304.97455596662945 441.2733787941691 99.21675920610451|38.86679324877932 1.7568446052870923 -7.142037975506158 1.7568446052870919 10.335055355746691 1.1915560691254767 -7.142037975506158 1.1915560691254767 7.697458692083401|
|37|1583.661406893729|298.3693461743957 442.49736878118335 88.68379299349834|22.800485257836577 7.1707248376282955 1.6615420121582902 7.1707248376282955 26.6764492423644 -8.357330554786166 1.6615420121582911 -8.357330554786166 16.137245166375266|
|38|1141.2329148858144|310.0729399803321 446.205025832606 77.21440429482605|10.590318520324427 -2.3996569477214535 -0.6024692827101208 -2.399656947721453 11.861768615669007 -3.026810555184592 -0.6024692827101195 -3.0268105551845927 12.655687373335521|
