#|num|weight|mean|covariance matrix|
|0|537.891534722412|321.05449410919965 392.19287060172593 197.06122330564742|6.571350968945948 3.857655353444997 -1.6744742113953093 3.8576553534449984 19.43753835772383 -5.662962408351949 -1.6744742113953093 -5.66296240835195 3.0459705154827272|
|1|1287.4305726941216|345.7788370247292 410.3011162258533 227.1579427545508|12.72648468867996 2.7351498125240177 -4.693191402473488 2.735149812524017 12.049875186162286 3.3785879497343583 -4.693191402473489 3.3785879497343583 19.132361765526404|
|2|876.3415654536328|305.8640120063167 418.6923485329181 221.2680325272429|22.740463840962313 5.139788764361543 -10.060895195981088 5.139788764361542 8.581217596757797 -3.444045741880342 -10.060895195981088 -3.444045741880342 10.34244379649035|
|3|1158.0803509555212|341.6672364168787 394.5944587581264 206.35308684825654|14.202561133547363 -3.5334835848425095 2.6829966230831834 -3.533483584842509 7.0467392297489475 -1.3289613119413026 2.6829966230831843 -1.3289613119413024 23.258694067396053|
|4|1146.0243159206777|321.7662032920605 405.35097241373126 231.92363663801444|41.07919842180125 -5.187063073321232 2.6335714958874865 -5.187063073321231 8.473050266326762 4.8636612289297325 2.6335714958874865 4.863661228929734 11.377374382855034|
|5|1608.939628611232|332.7237381586404 396.50504624893796 214.5667632294594|16.22823484649215 2.9532976216589435 4.408835252415956 2.9532976216589435 23.35750666433942 12.126865718460152 4.408835252415956 12.126865718460152 26.088013341693898|
|6|813.6650453152495|325.7926351371667 424.3683096953795 217.69541785038666|25.00317771823289 5.473111878218539 3.4466231296849066 5.473111878218539 6.2428472380817945 3.7477968160137545 3.446623129684907 3.7477968160137536 10.781800313956047|
|7|1364.6183188788984|322.5966660298396 415.57398428485305 207.5741711720577|11.005674249468747 -7.654816662110982 -5.6341698518127314 -7.654816662110984 24.301471412246645 12.348667137794537 -5.6341698518127314 12.348667137794537 23.68361942376698|
|8|871.0788580094429|313.0754419262105 398.5635699161593 212.7785047869418|8.889654922094914 -18.386496905538017 -1.1793448416482495 -18.386496905538017 50.31533026627107 5.58818135727888 -1.1793448416482495 5.58818135727888 7.17884760294538|
|9|1332.882253821895|340.9514357208772 408.41646775510327 215.29171639604294|7.94275951353738 0.5190936519409852 -1.7142216212674066 0.5190936519409852 31.17514594809889 9.27525298437738 -1.7142216212674064 9.27525298437738 21.86877359440335|
|10|1034.266133252626|314.28535515403064 424.3552294162697 239.58418557392957|12.213870336874324 -0.16159096516903482 -6.106374258857826 -0.1615909651690357 15.383396475227844 1.820326940191161 -6.1063742588578265 1.820326940191162 7.743454988875735|
|11|1337.8016989435607|324.9154171394425 403.8056558423816 212.37527641839765|23.119588103783347 7.649784101308006 0.18483087318399516 7.649784101308006 25.997397816454917 -13.537620405194444 0.18483087318399427 -13.537620405194446 15.832833089957102|
|12|881.0397671160971|303.00590281596754 408.6003026147897 225.6593574707026|6.032857438735564 1.2315877200107026 -1.9465988845203321 1.2315877200107026 15.59938011489638 -4.589546380020926 -1.9465988845203317 -4.589546380020929 11.135235924030566|
|13|832.1794767636219|344.0875577159566 413.0369134806945 208.8441640211641|8.8461477797419 -2.11319099639153 -0.9753153400132636 -2.11319099639153 28.966555381662396 18.85181864650121 -0.9753153400132636 18.85181864650121 17.520126489813055|
|14|993.9747129005362|323.722800937479 426.5500948233309 230.5406906269512|9.785303675968215 -6.8504519901592955 -9.594708421318924 -6.8504519901592955 14.917093726435565 15.614324004424727 -9.594708421318922 15.614324004424727 29.81493786026965|
|15|1094.9212727305053|335.9154240512475 420.13827694006164 222.86458867527503|16.40124158500062 4.597749631574207 2.283096920504925 4.597749631574204 12.289082937998408 -3.0586898107169076 2.283096920504925 -3.0586898107169067 11.624075380459207|
|16|1170.7424348547331|331.6673649828639 397.1691157691886 199.6668367158383|7.409577351886922 2.005843079790402 3.6484635003930372 2.005843079790402 31.624086695534576 -6.308185044356036 3.6484635003930377 -6.308185044356036 13.84227479119335|
|17|486.01153723506025|353.57370346994094 404.476243317001 225.18871674811643|7.6979415211642 4.459135998583186 -2.0069308363024376 4.459135998583186 6.47102205906013 1.679966000793407 -2.0069308363024376 1.6799660007934063 9.423842121940961|
|18|968.7367944651129|305.7430244318874 398.3974018036328 232.64707359667935|7.2057779102602515 -0.6176307856859818 1.2477039885524324 -0.6176307856859818 16.162473098705767 -4.558996145525742 1.2477039885524324 -4.558996145525741 7.726531473672352|
|19|1051.2704249127978|334.18231745803564 407.79840699653136 226.53545622970447|15.235055841972889 -4.63595836005886 -10.299254303080577 -4.6359583600588605 20.197050043509215 5.57642066202847 -10.299254303080577 5.576420662028473 18.679767853696436|
|20|951.0069154142185|323.0272972889256 390.64499041163145 211.8649186452493|7.372129957305756 5.819744463392365 -1.2251557358266845 5.819744463392366 17.0853319438168 -3.239551237154239 -1.2251557358266845 -3.2395512371542368 15.46571849953026|
|21|1098.3644798192054|325.23382171117225 412.43965731430745 223.42149229836278|8.461952510795577 1.0658203641347335 -1.4141254344402938 1.0658203641347335 28.976726538981392 -4.313053818527052 -1.4141254344402938 -4.313053818527053 12.239034985340531|
|22|458.2221405675642|311.4984925202121 419.10129781483926 204.98183777106632|4.285554639331921 -4.534990408784058 3.086595434013564 -4.534990408784057 35.45755085826712 4.021311469981542 3.0865954340135646 4.021311469981543 4.965905420258893|
|23|1592.6043772705536|316.47896309548935 415.64096539022523 226.76528209315146|23.647542659325854 13.144298789524026 12.90868285096539 13.144298789524026 29.966938400256215 8.50795943983034 12.908682850965391 8.50795943983034 14.271672797234542|
|24|776.5898314828203|313.0061272902366 427.4631251491013 221.3979695805012|6.287356995445769 1.5629378653829906 0.40631458347299754 1.5629378653829904 11.329109579376333 2.940328093091792 0.40631458347299754 2.940328093091792 7.23280423338486|
|25|711.8575876408933|308.2487334811712 407.64433919916877 205.3060651275048|25.102936524270866 -6.69638945525164 -10.203949519443892 -6.696389455251639 6.767561919539591 4.7769003190857315 -10.203949519443894 4.776900319085733 9.883706001246352|
|26|1476.8001850510648|331.1651996536367 417.19234828184346 234.04718713985145|39.7891620507131 7.858259487165364 -3.892928667608334 7.858259487165364 14.500854258687674 -0.600715276309938 -3.892928667608333 -0.600715276309938 7.246559197840945|
|27|916.1175374970697|316.09213490005675 401.6935193276153 222.30322543402653|14.525683512020525 -1.9805682382713952 -0.39475126576818476 -1.9805682382713947 11.580567815142114 4.879387406736374 -0.39475126576818464 4.879387406736375 11.1455809518882|
|28|1273.4466037189948|313.7124102457259 418.35076319396524 199.50871319649673|16.67890548086083 -2.7230199034607168 2.162104241506003 -2.7230199034607168 7.9079208427725005 -5.172128535880808 2.162104241506004 -5.172128535880808 21.22946308869197|
|29|1293.0601556130716|321.08125326987937 400.21752558049616 203.3513886366237|15.779679122558855 -17.10789156339495 0.8240851384558336 -17.10789156339495 42.420238084400474 -0.765185505733363 0.8240851384558332 -0.7651855057333636 7.714890480953188|
|30|910.7172079500677|349.2790190740839 414.3164865905231 217.5329627775644|35.12635229548582 -20.080748708493864 4.78524934969336 -20.080748708493864 19.22698341999932 -3.8588219528024084 4.785249349693361 -3.8588219528024084 4.364389462681066|
|31|946.0977865603567|345.0388174655708 397.75735533208854 220.69670452471286|12.881854912515172 9.797920243654485 -1.8167506277106389 9.797920243654485 14.821239502248384 -2.6312843670060735 -1.8167506277106376 -2.631284367006073 18.921913036027576|
|32|1013.2082106684173|347.7123894138967 401.9142146124835 208.42071197550374|5.279096522816412 0.1191104433207566 2.6308930183109815 0.11911044332075649 11.070098572448114 6.86409455219697 2.6308930183109815 6.864094552196969 54.713597487842314|
|33|1126.8673435863786|334.05933792935616 407.7332742152531 204.74441874774297|11.843019687043133 6.264960484565506 4.584675464254991 6.264960484565508 15.323254026590615 -0.6027516784638971 4.584675464254991 -0.6027516784638967 12.936016116439971|
|34|668.4703773543024|343.1395620900829 422.21038312373327 230.36647738692517|4.011133023599212 -1.478280207391641 1.1710616419518298 -1.4782802073916406 9.920582908804747 -10.083314110536373 1.1710616419518298 -10.083314110536373 22.869147795061973|
|35|706.8338108553809|340.65611181674274 400.12180809179307 229.57126275025934|12.21133979339163 -0.5836343635089363 2.0609117980708205 -0.5836343635089365 7.642296262916308 0.65497104535293 2.060911798070821 0.6549710453529298 6.746678751693205|
|36|939.7843248734259|335.8293481574762 406.46603159629217 235.66237380074247|25.024637578693536 2.924234654547842 -1.1921088113140745 2.9242346545478424 10.539230958887192 1.8381243797870057 -1.1921088113140743 1.838124379787006 5.897304915353047|
|37|584.7298842162667|297.18391442039626 420.26267187745754 214.68425570512494|5.813928664468522 -10.297073251385518 0.4876390827706317 -10.297073251385518 22.05640118761946 0.45182064660137133 0.48763908277063167 0.45182064660137133 7.9209295029441815|
|38|1631.5227423016495|316.63631230232727 411.7186102729851 216.1921208465114|26.298050887673398 -4.936471664115937 5.718914492615438 -4.936471664115937 25.56922787033924 -2.5661441465805352 5.718914492615438 -2.566144146580535 8.642641241994074|
